6.086762547492980957e-01
2.127369642257690430e+00
1.893076062202453613e+00
4.442511558532714844e+00
5.396780490875244141e+00
7.328112602233886719e+00
-9.731252789497375488e-01
5.213541984558105469e+00
3.764434814453125000e+00
9.467311859130859375e+00
2.351940631866455078e+00
8.528087615966796875e+00
1.713712692260742188e+01
4.825471401214599609e+00
-2.295207530260086060e-01
3.364319801330566406e+00
5.232612133026123047e+00
3.766060590744018555e+00
5.052137851715087891e+00
7.294057846069335938e+00
1.329146921634674072e-01
1.551081538200378418e+00
5.916713237762451172e+00
2.432503700256347656e+00
4.779493808746337891e+00
2.438246488571166992e+00
6.682548522949218750e-01
3.476008892059326172e+00
1.808090686798095703e+00
7.824686527252197266e+00
1.549634337425231934e+00
1.158530998229980469e+01
3.714983940124511719e+00
6.780977249145507812e+00
7.638422012329101562e+00
4.866676926612854004e-01
1.789753079414367676e+00
1.333536863327026367e+00
4.686520099639892578e+00
3.491574764251708984e+00
3.777698278427124023e+00
1.202119141817092896e-01
8.854820132255554199e-01
4.600954055786132812e+00
1.165406131744384766e+01
1.000416040420532227e+00
4.033482074737548828e+00
2.558811902999877930e+00
5.287407398223876953e+00
1.857870459556579590e+00
1.226215457916259766e+01
4.824745655059814453e+00
-1.125203967094421387e+00
1.952266812324523926e+00
4.447203159332275391e+00
1.661138153076171875e+01
8.316229820251464844e+00
1.277334880828857422e+01
-6.104563474655151367e-01
-1.506636738777160645e+00
3.619302272796630859e+00
1.575800299644470215e+00
1.603697657585144043e+00
7.112542152404785156e+00
6.336698055267333984e+00
2.807383060455322266e+00
8.742280602455139160e-01
3.823822736740112305e+00
4.954329967498779297e+00
2.221553564071655273e+00
8.084214210510253906e+00
6.559587478637695312e+00
2.795258522033691406e+00
2.614245414733886719e-01
5.182086944580078125e+00
7.228308320045471191e-01
5.475487232208251953e+00
1.927247881889343262e+00
1.427962779998779297e+00
8.465510010719299316e-01
4.045247554779052734e+00
4.830699443817138672e+00
9.188618659973144531e+00
3.137859821319580078e+00
6.796824932098388672e+00
5.539560794830322266e+00
6.775754451751708984e+00
-3.897449374198913574e-01
9.614403843879699707e-01
-9.691269695758819580e-02
1.107637119293212891e+01
3.605042695999145508e+00
1.471349716186523438e+00
1.736370921134948730e+00
2.365568637847900391e+00
3.582123279571533203e+00
3.197704315185546875e+00
-1.715234369039535522e-01
6.374282360076904297e+00
1.911502838134765625e+00
3.688761711120605469e+00
4.612325668334960938e+00
1.551206016540527344e+01
5.391846656799316406e+00
9.546751976013183594e+00
1.674060940742492676e+00
2.353950977325439453e+00
5.912950992584228516e+00
8.272850036621093750e+00
-1.513293623924255371e+00
2.058816850185394287e-01
8.112409591674804688e+00
2.065902471542358398e+00
-8.666090369224548340e-01
4.197896003723144531e+00
1.847979307174682617e+00
3.446827411651611328e+00
7.434127330780029297e+00
3.718196392059326172e+00
1.474482440948486328e+01
3.038473367691040039e+00
5.400125980377197266e+00
3.428857326507568359e+00
2.839649200439453125e+00
5.814053535461425781e+00
1.129169583320617676e+00
8.025761604309082031e+00
1.916810035705566406e+01
5.541048049926757812e+00
2.019262313842773438e+00
1.306370258331298828e+00
1.138341903686523438e+01
8.968450427055358887e-01
8.216275215148925781e+00
1.462318658828735352e+00
4.057800769805908203e+00
-5.901499390602111816e-01
-2.071193218231201172e+00
3.584897041320800781e+00
7.682713270187377930e-01
-1.409974843263626099e-01
9.684159278869628906e+00
3.654919862747192383e+00
8.938909530639648438e+00
1.013113307952880859e+01
1.649427175521850586e+00
-1.762370467185974121e+00
-1.235485792160034180e+00
8.729168891906738281e+00
3.291108846664428711e+00
1.697026133537292480e+00
-1.977887302637100220e-01
5.392892837524414062e+00
4.177982330322265625e+00
7.804857254028320312e+00
3.481403589248657227e+00
5.208187103271484375e+00
2.734624385833740234e+00
9.474042654037475586e-01
1.314259529113769531e+00
8.185420036315917969e+00
1.867312192916870117e+00
1.499276518821716309e+00
5.851002216339111328e+00
2.603815078735351562e+00
2.707218527793884277e-01
3.414196968078613281e+00
7.054243981838226318e-02
4.115492820739746094e+00
3.089594364166259766e+00
2.677923917770385742e+00
9.613655090332031250e+00
3.292682886123657227e+00
7.165377736091613770e-01
1.120568156242370605e+00
2.313449621200561523e+00
3.393019676208496094e+00
3.223887443542480469e+00
8.894642829895019531e+00
1.391391158103942871e+00
4.573584079742431641e+00
4.435522556304931641e+00
1.001925587654113770e+00
4.916495323181152344e+00
1.908699035644531250e+01
7.040171623229980469e+00
4.622572898864746094e+00
1.822143435478210449e+00
1.010157775878906250e+01
7.672502517700195312e+00
2.858001232147216797e+00
2.665940284729003906e+00
3.716882944107055664e+00
2.278307676315307617e+00
-3.695152699947357178e-02
-1.655313372611999512e+00
9.334251403808593750e+00
7.851027250289916992e-01
1.406726479530334473e+00
7.266026973724365234e+00
2.644539594650268555e+00
6.793814659118652344e+00
1.006818103790283203e+01
5.782992839813232422e+00
-1.833990216255187988e+00
2.658716440200805664e+00
1.200715923309326172e+01
-2.029644489288330078e+00
1.349632382392883301e+00
1.157229614257812500e+01
4.581809997558593750e+00
2.076028585433959961e+00
9.488714218139648438e+00
4.462194919586181641e+00
4.727111816406250000e+00
1.135653972625732422e+01
5.764502525329589844e+00
1.329174900054931641e+01
5.215222358703613281e+00
2.003083229064941406e+00
6.858265876770019531e+00
4.180117249488830566e-01
1.576060962677001953e+01
6.929777860641479492e-01
1.801542878150939941e+00
9.492595672607421875e+00
3.075114727020263672e+00
8.971745491027832031e+00
-1.393885165452957153e-01
7.453152656555175781e+00
3.650309562683105469e+00
-3.354360163211822510e-02
6.676267623901367188e+00
2.814182996749877930e+00
1.809523940086364746e+00
7.768021583557128906e+00
1.898773431777954102e+00
3.689939975738525391e+00
2.327045917510986328e+00
1.804266214370727539e+00
2.219104051589965820e+00
7.640142917633056641e+00
5.288759708404541016e+00
-1.213450580835342407e-01
4.445574283599853516e+00
5.114723682403564453e+00
5.179192543029785156e+00
3.014158010482788086e+00
8.878242492675781250e+00
5.053149223327636719e+00
5.737250328063964844e+00
5.550786972045898438e+00
4.363144397735595703e+00
1.247902202606201172e+01
6.869225502014160156e+00
8.379032135009765625e+00
-2.543522596359252930e+00
1.031168848276138306e-01
8.003907203674316406e+00
3.706969738006591797e+00
4.973195075988769531e+00
1.036452865600585938e+01
1.374344944953918457e+00
-1.755358129739761353e-01
6.851903915405273438e+00
-1.646027714014053345e-01
-6.862457394599914551e-01
2.711779832839965820e+00
8.119678497314453125e+00
2.931519746780395508e+00
7.991190433502197266e+00
1.446012878417968750e+01
5.243193507194519043e-01
5.712662220001220703e+00
3.608817815780639648e+00
6.551479816436767578e+00
-2.928258895874023438e+00
3.730079650878906250e+00
2.380658388137817383e+00
3.488991022109985352e+00
6.530526161193847656e+00
-9.260266423225402832e-01
1.583677411079406738e+00
2.977110862731933594e+00
3.781081438064575195e+00
4.825536251068115234e+00
1.165612792968750000e+01
6.541380882263183594e+00
-3.411343097686767578e-01
-9.993100762367248535e-01
4.646464347839355469e+00
4.852399826049804688e+00
8.865820884704589844e+00
7.736463069915771484e+00
1.547864818572998047e+01
3.713020682334899902e-01
3.284643173217773438e+00
5.633438587188720703e+00
3.218192577362060547e+00
-2.533124685287475586e+00
9.950564384460449219e+00
6.687905311584472656e+00
4.312489509582519531e+00
4.286174774169921875e+00
4.261378765106201172e+00
4.241741657257080078e+00
-6.150340437889099121e-01
4.552309513092041016e+00
5.970947742462158203e+00
3.550665378570556641e+00
4.880247592926025391e+00
5.570885181427001953e+00
7.832149505615234375e+00
6.195771694183349609e-01
5.778693675994873047e+00
-8.394121527671813965e-01
4.768890857696533203e+00
6.312904357910156250e+00
1.023989677429199219e+00
2.998612165451049805e+00
1.414753913879394531e+00
1.115796184539794922e+01
1.721256852149963379e+00
3.561693429946899414e+00
5.266758441925048828e+00
1.295875906944274902e+00
1.712794113159179688e+01
2.393989562988281250e+00
1.223299884796142578e+01
9.573032379150390625e+00
2.202739477157592773e+00
1.493209362030029297e+00
7.139918804168701172e-01
7.029617309570312500e+00
2.196846902370452881e-01
1.585793852806091309e+00
6.368832111358642578e+00
-1.153222173452377319e-01
1.554315090179443359e+00
4.181575298309326172e+00
-1.060406118631362915e-01
3.884701490402221680e+00
3.962698936462402344e+00
8.098842620849609375e+00
3.004808425903320312e-01
2.515537977218627930e+00
6.556777954101562500e+00
3.877475023269653320e+00
2.040856122970581055e+00
5.730864524841308594e+00
5.083615303039550781e+00
7.574952602386474609e+00
2.946477890014648438e+00
8.018270492553710938e+00
6.100219726562500000e+00
-1.783743739128112793e+00
1.437078189849853516e+01
9.201654791831970215e-02
6.438692569732666016e+00
-2.346013307571411133e+00
4.813808441162109375e+00
3.462798833847045898e+00
8.152153968811035156e+00
5.221310138702392578e+00
-8.169234395027160645e-01
5.531261920928955078e+00
8.611969649791717529e-02
8.732513427734375000e+00
5.310934543609619141e+00
-3.580419719219207764e-02
2.471583366394042969e+00
5.321381568908691406e+00
2.722227573394775391e+00
1.825250053405761719e+01
6.960546970367431641e+00
9.295594215393066406e+00
-3.991344571113586426e-01
4.186506748199462891e+00
2.250767469406127930e+00
2.508431673049926758e+00
1.345918893814086914e+00
2.469245910644531250e+00
6.469391345977783203e+00
1.679827570915222168e+00
9.950145721435546875e+00
1.567632961273193359e+01
7.697353959083557129e-01
4.852738857269287109e+00
1.997445821762084961e+00
4.907495021820068359e+00
6.397501945495605469e+00
3.775118827819824219e+00
3.348893880844116211e+00
8.314807891845703125e+00
8.065203666687011719e+00
6.281174182891845703e+00
4.909066200256347656e+00
4.792684078216552734e+00
4.757495403289794922e+00
3.964583158493041992e+00
-2.596702814102172852e+00
8.388010025024414062e+00
6.016057729721069336e-01
1.274812889099121094e+01
2.850509166717529297e+00
-5.817875862121582031e-01
1.629357337951660156e+01
1.177014350891113281e+00
3.190647363662719727e+00
4.707452297210693359e+00
3.370655179023742676e-01
7.990798473358154297e+00
1.566285610198974609e+01
1.052361130714416504e-01
6.137784957885742188e+00
5.077507972717285156e+00
3.898206233978271484e+00
8.621802330017089844e+00
5.716435432434082031e+00
5.859098911285400391e+00
6.844616889953613281e+00
1.414892959594726562e+01
2.066975116729736328e+00
2.868659019470214844e+00
1.710693389177322388e-01
8.246539533138275146e-02
2.845518589019775391e-01
4.841684341430664062e+00
1.796460032463073730e+00
1.420059323310852051e+00
2.888717055320739746e-01
6.735005855560302734e+00
5.030194282531738281e+00
1.684416413307189941e+00
1.539287924766540527e+00
-2.947782874107360840e-01
4.227916717529296875e+00
5.440346717834472656e+00
5.672975063323974609e+00
8.994793295860290527e-01
3.890404939651489258e+00
9.042855262756347656e+00
1.576933002471923828e+01
4.172302722930908203e+00
5.282813072204589844e+00
1.939632534980773926e+00
1.261621665954589844e+01
2.077671766281127930e+00
1.646951556205749512e+00
9.237040519714355469e+00
4.290533542633056641e+00
4.067426681518554688e+00
1.414483928680419922e+01
1.219713687896728516e+01
7.048089504241943359e+00
-9.178110957145690918e-01
4.822332859039306641e+00
8.352457046508789062e+00
2.196513891220092773e+00
2.499939680099487305e+00
2.868381977081298828e+00
5.085539817810058594e+00
9.816715240478515625e+00
1.182415843009948730e+00
1.098747158050537109e+01
4.293010234832763672e+00
-2.214791059494018555e+00
2.536383390426635742e+00
8.919076919555664062e+00
4.605166018009185791e-01
1.139527893066406250e+01
6.164830207824707031e+00
6.911323547363281250e+00
1.605912685394287109e+00
1.927778124809265137e-03
1.054880332946777344e+01
3.898066997528076172e+00
1.001171588897705078e+01
1.866801619529724121e+00
1.751034498214721680e+00
5.417533874511718750e+00
5.149031162261962891e+00
1.612333059310913086e+00
5.877623558044433594e-01
7.890240669250488281e+00
1.365241646766662598e+00
1.569385147094726562e+01
4.560884475708007812e+00
7.847224712371826172e+00
-1.005336761474609375e+00
1.645745849609375000e+01
3.987814903259277344e+00
4.990413665771484375e+00
1.604550743103027344e+01
2.403199434280395508e+00
8.734155654907226562e+00
9.608079910278320312e+00
8.626693725585937500e+00
3.963413000106811523e+00
4.874912261962890625e+00
9.461572647094726562e+00
7.946862697601318359e+00
4.330382823944091797e+00
1.710113406181335449e+00
4.345371723175048828e+00
6.343924522399902344e+00
7.961299896240234375e+00
-9.378592371940612793e-01
1.469289016723632812e+01
8.879260063171386719e+00
8.238623619079589844e+00
1.458330535888671875e+01
5.605619430541992188e+00
2.464953422546386719e+00
-8.447845578193664551e-01
8.330345153808593750e+00
4.310948848724365234e+00
6.715838909149169922e+00
2.208047628402709961e+00
7.687551498413085938e+00
3.513357639312744141e+00
1.217719936370849609e+01
6.096370220184326172e-01
6.135219097137451172e+00
-9.719739556312561035e-01
1.409847736358642578e+01
4.994115352630615234e+00
6.310475826263427734e+00
2.589704990386962891e-01
2.292255163192749023e+00
1.605188012123107910e+00
9.446326255798339844e+00
3.375272750854492188e+00
7.059435367584228516e+00
1.236355185508728027e+00
6.252381801605224609e+00
4.041757106781005859e+00
1.522181391716003418e+00
4.021659374237060547e+00
9.726213455200195312e+00
9.661841392517089844e+00
8.213223457336425781e+00
2.205739021301269531e+00
5.762415409088134766e+00
4.952580928802490234e+00
9.440920948982238770e-01
7.096210002899169922e+00
1.021570587158203125e+01
5.251171588897705078e+00
2.390186786651611328e+00
5.057084560394287109e+00
1.921967983245849609e+00
1.096317958831787109e+01
5.068077087402343750e+00
7.629336357116699219e+00
7.650531768798828125e+00
3.923255920410156250e+00
5.035208702087402344e+00
9.551774024963378906e+00
5.923269271850585938e+00
7.322494506835937500e+00
6.718486785888671875e+00
8.696613311767578125e+00
3.648027181625366211e+00
5.997529029846191406e+00
6.729931831359863281e+00
4.761188983917236328e+00
5.341605186462402344e+00
