2.686023422205379418e+01
3.614890224454512690e+00
3.822650533747516732e+01
7.231647321873552414e+00
5.125101326315754591e+01
1.486411570153368302e+02
-1.701262969322678842e-01
4.398661784918361661e+01
5.343866210167967701e+00
9.526074990193474434e+01
1.194072511089825639e+01
2.597117969026344753e+01
1.778101312009146966e+02
1.876378687728445982e+01
2.069008692738596267e+01
5.766325383560173989e+00
4.146564290257112617e+01
4.280586530849504356e+01
8.384160881251156638e+01
5.349932262218719359e+01
5.642039608901960435e+00
2.939070644876676042e+01
7.368220120872668133e+01
4.313002879181210503e+00
5.339863663871014410e+01
3.333784784233273513e+01
1.857273879627179269e+00
1.469812691014489303e+01
5.175576970862773685e+00
1.239804479953891274e+02
5.983714601146488121e+00
1.230897762754274538e+02
1.172886109054453385e+01
1.005970407355302854e+01
2.400969191416964676e+01
5.839617969370718420e+00
3.095073589037005846e+01
1.362460239974364384e+01
2.077049735264613872e+01
1.778710822976407613e+01
8.102030210933889975e+00
-4.132169817688264857e-01
4.322976366821811212e+01
3.795092529907318379e+01
9.653315173445145092e+01
2.550940204931166733e+01
2.687748715029625401e+01
4.782825739262510467e+01
3.792197038614742155e+01
6.245592298889625305e+00
1.118918792862915836e+02
2.240347814814908389e+01
-7.977513314106895237e+00
4.800000996394317099e+01
3.792197038614742155e+01
2.496177021241687157e+02
2.222328485538073295e+01
1.475396231539859002e+02
2.937651100135877869e+01
2.550940204931166733e+01
4.264183787047482355e+00
1.301139332863272458e+01
5.499800692052445150e+00
3.964606995532786726e+01
8.161323979526097006e+00
1.553666774579271248e+01
6.583594693445514068e+00
4.955905640257989830e+01
9.568119408231154921e+00
2.937651100135877869e+01
7.659876092498666367e+01
5.519818072074556881e+00
6.055489891331376384e+00
2.437923612088069092e+01
7.279945273561803987e+00
2.316598598057885638e+01
2.937651100135877869e+01
-1.371218317780903817e+01
7.639026582346546412e+00
6.598217506233361895e+00
2.044542315312262559e+01
2.545398221949206174e+00
1.150442701212519125e+02
1.536792070741573824e+01
9.019978118398829281e+01
7.923416936589495307e+00
1.499900699045579699e+02
-2.427897233247489339e+01
1.037326697466119718e+00
1.497360445976704568e+01
2.181450838669254111e+01
2.937651100135877869e+01
8.161323979526097006e+00
-1.443600272311983446e+01
1.692342231724414958e+01
8.877542341770785939e+00
1.232914505058174370e+01
3.140126744324525987e+00
1.625286143099887326e+01
9.496002168388372411e+00
2.044542315312262559e+01
2.996487276922520593e+01
1.269348858992042040e+02
1.190556801993037794e+02
1.200231793873460049e+02
1.419914071611219697e+01
8.728879145810102713e+00
3.654025709105111730e+01
1.216202060990883353e+02
8.263632928788741339e+00
2.968940028996479441e+01
7.745206210205493846e+01
2.513926525361476649e+00
6.308123152557133295e+00
4.618986998597454985e+00
7.893842680194085304e+00
2.671194411381258504e+01
3.053318609797011263e+01
4.393979856212609114e+00
1.362202535858469048e+02
3.795092529907318379e+01
1.257733197840423855e+01
2.263905851730393337e+01
1.900474250206608318e+01
3.086325246865050786e+01
5.791868061276902679e+00
7.084553116906522519e+01
1.741386278752366081e+02
2.441666478937370144e+01
-3.294404506466257487e+00
3.985345201269939075e+00
1.455372430708380307e+02
7.759031218925130702e+00
1.312175713356658378e+02
6.862890937758358234e+00
9.054740416005188308e+00
-9.038895941157463199e-01
9.288758603684645010e+00
6.678149787418953487e+00
-3.703912577435282572e+00
-5.908094859021105094e+00
6.557658437515115679e+01
1.131666158937625255e+01
8.722912103109044324e+01
2.263905851730393337e+01
5.119311326377994575e+00
3.484772706607314419e+00
2.513926525361476649e+00
1.214109536837678291e+02
-1.324247499720974552e+00
3.053318609797011263e+01
1.118644722946337566e+01
3.515248279462927883e+01
7.982636266861366181e+00
9.797312626511137523e+01
5.041919748629152309e+01
5.620368089803091038e+01
2.597117969026344753e+01
5.180417796593251012e+01
5.951362741902094911e+00
3.545108193305807731e+01
3.853981150035723502e+00
-3.509884431885915035e+00
1.166759956814910311e+02
4.370564197357881042e+00
1.216547809877599473e+00
-8.822081129887521911e+00
1.685457510556453897e+01
7.853015570173108983e+01
-1.218368085879227181e+00
3.688580095149755778e+01
2.124263917808768554e+01
1.750130265057271401e+02
1.386777593603775216e+01
1.744924089223766828e+01
2.389582857151447470e+01
3.130290813963743801e+01
2.884993072110701462e+01
1.363897974614994837e+02
6.678149787418953487e+00
9.019978118398829281e+01
-2.540423870889311075e+01
7.186485623431087433e+00
1.141579530237483198e+01
1.930092966309635472e+02
3.995821204861233866e+01
6.881383732376548323e+00
1.706047605021197455e+00
5.064502439717072235e+01
2.878193228382857427e+01
5.752500865110637740e+00
5.754578253626915085e+01
9.966198689607725925e+00
1.304979692541331104e+01
6.174960038502844029e+00
5.815144475693901249e+00
1.358630489373170462e+02
1.342754537621199873e+01
2.998248183969390368e+01
3.840354549793037364e+00
2.994230344693092860e+01
1.223846032193810771e+02
4.512540842144646547e+01
5.007299282810662078e+01
8.719213735784975938e+00
3.256140366453662693e+01
2.181450838669254111e+01
1.271060947775698224e+01
2.672538648975693487e+00
9.957347824512741852e+01
1.044220048747835250e+02
1.025084878440151570e+01
2.895246897680638654e+01
1.162571943439915145e+01
1.154237026518718601e+01
1.722588350725507098e+02
3.429867581998195192e+01
1.455372430708380307e+02
7.648902115865546136e+00
2.109037560988774374e+00
2.179675254672207529e+01
1.481326676934310171e+01
1.753143769806674754e+02
5.731199258309268352e+00
5.039158941498926936e+01
5.349932262218719359e+01
7.085895621887758900e+00
8.684084923790828725e+01
1.220057850467750882e+01
2.719313476872304136e+01
5.096323065802353369e+01
3.806398033950318194e+01
5.039158941498926936e+01
1.091277745098786234e+01
1.171339653484996290e+01
2.655723430510737515e+01
3.462375001950546505e+01
2.334758764663222408e+01
3.503499606715666914e+01
5.451642490269527741e+00
3.403605679535328221e+00
2.719313476872304136e+01
2.626504318288037254e+01
2.781169353919390019e+00
3.295749559107160565e+01
1.060332087636296450e+01
2.219862514326116809e+00
7.693395555991219936e+00
1.038833466080749020e+02
5.180417796593251012e+01
7.008927601978932387e+00
3.534849520655326671e+01
-1.258791515930987259e+00
1.559891168953026011e+02
5.280526268883681951e+01
1.175148113528646547e+02
3.218118217002165160e+00
5.914186755465919987e-01
2.498045787065385426e+01
2.498045787065385426e+01
8.249575296959335446e+00
2.522451466093005479e+01
2.579258093073986124e+00
5.914186755465919987e-01
3.852313716632056639e+01
2.689999504791316109e+00
3.785619974634530926e+00
4.837784817185193731e+01
2.086512421955801955e+01
2.630102983912459180e+01
3.980343387413753931e+01
1.385556416696257998e+02
4.081399689586677759e+00
3.042633160312320229e+01
5.007299282810662078e+01
5.070050436988258014e+01
5.914186755465919987e-01
9.554061776401749029e+00
1.965861451121942949e+01
6.386169504920535367e+00
4.747927924894797513e+01
-1.235468253829790086e+01
1.414903721834053840e+01
3.160421964578334553e+01
2.099291340866137645e+01
2.960648241443996653e+01
1.987828677760684855e+02
1.023544426766916615e+01
2.435275426543008948e+01
6.317476536253412434e+00
2.991360996839125619e+01
9.199836622736270897e+00
1.057247850484000224e+02
2.764874326674762628e+01
5.245798496059263272e+01
1.074388787418185132e+01
2.179675254672207529e+01
1.150813582897540783e+02
3.429867581998195192e+01
6.165454577070768494e+00
4.055352904639205747e+01
5.149869115444936085e+01
1.744924089223766828e+01
7.075525625768702476e+00
8.708615662941799229e+00
2.179675254672207529e+01
3.036711840150383424e+00
1.886382408474219829e+01
4.322976366821811212e+01
5.180417796593251012e+01
8.705509948190368164e+00
1.278829994080941646e+01
5.214959135668187429e+01
1.738969289629006454e+01
5.574518020799005313e+01
3.478397398098959759e+00
3.870533624494854763e+01
5.889577998057379915e+01
-7.947344621849907753e-01
1.703358821122515465e+00
1.063623863145584281e+01
1.439874070877315830e+02
7.165445017350585033e+00
1.000066381865985079e+02
5.538906844009219732e+00
1.018868414029751435e+01
1.854935559933721834e+02
5.180417796593251012e+01
3.121317276941314134e+01
1.341517246311308895e+02
3.838212960907902538e+00
1.252219712573522159e+01
3.792197038614742155e+01
5.206362440064681607e+01
1.241252192514019637e+00
2.461815679090867448e+01
5.516902399537677582e+01
6.894923150450871674e+00
1.156667459328684622e+01
5.180417796593251012e+01
4.774383224813804283e+00
2.669788648198317915e+01
7.274736940864326762e+00
2.568709260105386960e+01
5.522040062792704873e+00
6.008469862017723706e+00
2.108637032684504220e+01
1.658613614350218057e+01
3.961929542415211003e+00
7.216999963882130942e+01
2.218193229516081644e+01
1.368663381620764596e+01
3.087691022612013825e+01
7.326484444524236039e+01
2.877647848375061557e+01
4.532065377078779989e+00
1.806891916203189226e+02
4.325824932316031379e+00
3.980343387413753931e+01
5.522040062792704873e+00
5.964635863047980990e+01
1.828159296550454016e+01
2.515549295960416032e+01
-1.671587193443350827e+00
1.072986795584547792e+00
8.598351163025881760e+01
4.042348107537541324e+01
4.797712528595585724e+01
6.294710080029570065e+01
3.478397398098959759e+00
4.429784417727930190e+00
2.640687013523119475e+01
3.488360113797448037e+01
2.498187249177621823e+02
2.991669361376361280e+01
6.193485775821523021e+01
7.481621896949164352e-01
3.138049650429805126e+01
7.404231048220017541e+00
4.316470401697769432e+01
1.383800163953594620e-01
7.408101610342961862e+01
1.922585590826248847e+01
1.383800163953594620e-01
2.994230344693092860e+01
2.055100971941196804e+02
1.301139332863272458e+01
7.262281377405511762e+01
6.632413785579241328e+00
9.713523140495592401e+00
3.629846584130622489e+01
3.980343387413753931e+01
3.855105516260761789e+01
1.223846032193810771e+02
1.368663381620764596e+01
1.417798661914567582e+01
5.766325383560173989e+00
1.333832185764354676e+02
2.878193228382857427e+01
2.181450838669254111e+01
6.934628613735952740e+00
1.078240512398785533e+01
1.939734751944992297e+01
1.052690205023084928e+02
6.934628613735952740e+00
2.131483758960893482e+00
1.448256079360883746e+02
8.555949435658956048e+00
2.044542315312262559e+01
9.713523140495592401e+00
6.436880381306253618e+00
7.290600144363622803e+01
1.448256079360883746e+02
2.245798575728480984e+01
1.342754537621199873e+01
3.429867581998195192e+01
2.871600950710122291e+01
2.994230344693092860e+01
2.985700653872779498e+01
8.721637039982493889e+01
3.980343387413753931e+01
1.252279518445636626e+02
1.392717422397381810e+01
4.851399094756420283e+00
1.104024347289763774e+01
3.208107778812220090e+01
9.916991682359395099e-01
2.690043746506777467e+01
1.467355345989176740e+01
1.379590226853117940e+00
1.129493638850980908e+01
2.965537744533265396e+01
7.262281377405511762e+01
1.118805428331059382e+01
6.464124546274046423e+00
6.814782187295165272e-01
4.322976366821811212e+01
2.854278456223386939e+01
1.020719121916401484e+01
7.173811694464661493e+00
1.554687441922509379e+02
3.314134688362837267e+01
1.600710218927324320e+02
2.610741014010803163e+00
3.721823244205528880e+01
1.888056728283729768e+01
1.018836086859178351e+02
2.202106359068133568e+00
5.907601293754898286e+00
3.781998679225135618e+01
-7.989415043843038688e+00
2.818197362973867115e+01
1.578459475845741338e+02
1.212242320562787228e+02
1.201234522139232119e+01
3.003122728258979635e+00
7.793264229268974930e+01
8.312872418928427010e+01
1.368566961636188850e+01
1.379590226853117940e+00
2.459787945902519368e+00
2.854278456223386939e+01
3.126486893647746967e+01
2.437923612088069092e+01
2.003546272663769798e+02
6.624354907544879723e+01
8.038640043189225537e+00
2.786666410101013724e+01
3.314134688362837267e+01
2.109037560988774374e+00
1.145484028988036016e+02
1.367134454048135339e+01
8.794091289306349779e+01
2.202106359068133568e+00
1.293054433981335904e+00
3.860638673523833120e+01
2.394875442680537603e+01
9.009614808642029971e+01
1.918629102197116154e+01
3.661082274387993607e+00
3.680876283243782687e+00
1.977955120617795970e+01
6.871023741685458930e+00
5.191200552132383628e+00
1.208611968644209611e+01
6.289284219950848964e+00
1.364264940306096605e+02
-1.365880183449503704e+01
3.573835344536755798e+01
1.912097727246052514e+01
1.600710218927324320e+02
8.479562809893543829e+00
4.483615865008410140e+00
1.203024508014407985e+02
1.993515540200187530e+01
5.206362440064681607e+01
6.096361168902040362e+01
2.346197795523296747e+02
1.428029556840832015e+01
3.025074421864609775e+01
1.212242320562787228e+02
2.989310124013216097e+01
5.180417796593251012e+01
3.027318959530917120e+00
4.572025660108538148e+01
3.690972734406695821e+01
3.869209506837210455e+01
7.259031620796966067e+00
1.325577093933995343e+02
2.444941477485246040e+01
5.378449337568256539e+01
1.987939693305622484e+02
3.920354824944049454e+01
4.967260924568247304e+00
7.276194019028224602e+00
1.243676694759003567e+02
8.878353484844575760e+00
2.991669361376361280e+01
1.141369424340817318e+01
2.084933307214291176e+01
8.802934019342487204e+00
8.887030994352510049e+01
2.738530191311665476e+02
2.288456617618077615e+01
1.977955120617795970e+01
1.987939693305622484e+02
2.328904361175010607e+01
2.907608138201240422e+00
6.288354884337191919e+01
1.898005057720841293e+01
1.039123512338212763e+01
1.212242320562787228e+02
5.982018684198679992e+00
3.690972734406695821e+01
1.738791342260288530e+01
2.397127647301157083e+01
4.955161933491041282e+01
6.800541049619774014e+00
9.430379774893985712e+01
6.703920643345320229e+00
2.346197795523296747e+02
3.701047857357148985e+01
7.070709998281955677e+00
9.066035693025993325e+00
2.286888092367876624e+01
-2.117945799131661033e+00
1.471082614170917680e+01
4.535168646626055278e+01
7.655230928623939235e+01
1.511964766070455113e+01
4.572025660108538148e+01
9.407695930791085459e+00
9.887858054389884899e+01
3.920354824944049454e+01
2.084933307214291176e+01
5.683297808022794584e+01
5.041919748629152309e+01
6.294710080029570065e+01
1.057247850484000224e+02
2.996487276922520593e+01
3.995821204861233866e+01
1.130433008678414666e+02
8.684084923790828725e+01
4.800000996394317099e+01
2.328904361175010607e+01
4.747927924894797513e+01
3.429867581998195192e+01
5.007299282810662078e+01
