2.838346403691684827e+01
7.125485503684558353e+00
2.477960751232535586e+01
6.903872287356307424e+00
5.124627518298075302e+01
1.524598153734223160e+02
6.806231814121019852e-01
4.441618225400998199e+01
4.775490000828085613e+00
9.460980686308175791e+01
1.130723894841344190e+01
2.426735042067662107e+01
1.662604286972054979e+02
3.981959776391704509e+01
1.691564465248984561e+01
5.462009467361440329e+00
4.196982504562311078e+01
4.330861979897599667e+01
7.058045143870185711e+01
7.218106408370113058e+01
5.487739468992458569e+00
3.911504563300650261e+01
8.247156520578846539e+01
3.793200218497077003e+00
6.011409744225966278e+01
3.379761885943389643e+01
4.385753730777651072e+00
1.967962941139558097e+01
4.657577662024777965e+00
1.237748024439060828e+02
1.407962733902240871e+01
1.352913930816321226e+02
1.758905961464552092e+01
2.407275268664989198e+01
2.728811683890535278e+01
4.851607833752495935e+00
3.784767828644817200e+01
1.393390946174713463e+01
2.883696605503246246e+01
2.216499223584833089e+01
8.203040473546025169e+00
9.722391238830823568e+00
5.705464649467830895e+01
4.755622742008199566e+01
1.023727108275925275e+02
2.529115919169089466e+01
2.547781115296425014e+01
4.927712002802036295e+01
3.961455901363115117e+01
7.368849733853039652e+00
1.110032647284861014e+02
2.287848458196640422e+01
1.057591325754742684e+01
5.341482260605698684e+01
3.961455901363115117e+01
2.517344989341327164e+02
2.625417405689358930e+01
1.418922596406882803e+02
3.782762132265270338e+01
2.529115919169089466e+01
3.786534028856294753e+00
1.333357562194578350e+01
6.173337974864352873e+00
5.295403891167552501e+01
6.801513692210392037e+00
1.653459600189671619e+01
6.524882036222606985e+00
6.038057141749231960e+01
9.005309585954591967e+00
3.782762132265270338e+01
7.679635166041362027e+01
9.151348690265876940e+00
5.882199602629498258e+00
2.002444439468490600e+01
7.277144055478402151e+00
2.109317758410270471e+01
3.782762132265270338e+01
-1.472734542943180713e+01
9.235330750803086630e+00
4.697207516315529574e+00
2.807480538811432780e+01
4.687899835542339133e+00
1.021380400169255154e+02
1.617533965090888159e+01
9.452463435332538211e+01
7.050090198629732186e+00
1.453197128368810809e+02
-2.815472003878494434e+01
1.838621112094187993e+00
1.456038514656029292e+01
2.433491458108665029e+01
3.782762132265270338e+01
6.801513692210392037e+00
-1.321731474326679745e+01
1.823595242730561949e+01
7.774020091243301067e+00
1.046679216953816649e+01
6.845305443815959734e+00
2.120717941286284258e+01
1.042308885407010166e+01
2.807480538811432780e+01
3.673826658681446133e+01
1.317073885233717192e+02
1.245984801850136137e+02
1.216025961876439396e+02
1.391194804814858799e+01
7.858977866740133322e+00
3.679110713533191301e+01
1.262454004806713783e+02
6.813882958016165503e+00
2.888308044230393534e+01
8.714977521628088653e+01
3.561653703909541946e+00
6.153518763193460472e+00
5.758157952635428956e+00
8.272597711274556787e+00
2.823403491504541307e+01
3.188728891948903765e+01
4.282947591494576045e+00
1.329024677922388946e+02
4.755622742008199566e+01
7.858908728665483068e+00
2.258312667059408341e+01
1.916489526711484359e+01
3.354265141802852668e+01
5.637034566117563372e+00
7.275759531951189274e+01
1.748747012212152185e+02
2.538307648785075799e+01
-4.590853427920592367e+00
3.751511307063992717e+00
1.413342424370603112e+02
6.459830532930936897e+00
1.434635992678213370e+02
6.080591097625074326e+00
1.019605817115007085e+01
-1.923697079991825376e+00
1.066020164477868093e+01
6.103312097751768306e+00
-4.532062890059023630e+00
-4.128796973279349913e+00
6.787439689033999457e+01
2.164139849118782877e+01
7.386218411027948605e+01
2.258312667059408341e+01
7.560702087224854040e+00
5.434956949502975476e+00
3.561653703909541946e+00
1.216219078891917889e+02
4.490981847095554258e+00
3.188728891948903765e+01
1.317429414599791926e+01
3.677179543378770177e+01
8.294738725690194769e+00
1.033091803833185622e+02
5.940447519099598139e+01
6.355871117953256544e+01
2.426735042067662107e+01
6.678325259210760123e+01
6.995430521514208522e+00
3.230093681118000859e+01
3.815229356514919345e+00
4.035491457179887220e-01
1.238201838643490191e+02
4.309919887356045365e+00
1.016128554180795618e+00
-6.107723686955068843e+00
1.842889068205795411e+01
1.008913486978981382e+02
-8.958564246950118104e-01
3.349797745240903168e+01
2.817245799149532104e+01
1.508841836421852349e+02
2.038190109223796753e+01
1.710428249071856044e+01
2.526385742089632913e+01
3.511430791437646803e+01
2.759245338831533445e+01
1.352709296299253765e+02
6.103312097751768306e+00
9.452463435332538211e+01
1.861547291909846535e+01
5.916127745221047007e+00
1.141530576529612517e+01
1.829056047694321023e+02
5.409254057809403093e+01
1.049787606017343933e+01
2.922329183880719938e+00
5.561314669496277929e+01
3.261370857821884783e+01
5.306926285258668941e+00
5.151124158897710004e+01
9.005024680483302291e+00
1.249916151450770485e+01
5.993445751792023657e+00
5.468675657002222579e+00
1.442263249007519335e+02
1.716656804502599698e+01
2.836869737944925873e+01
8.425100055065968263e+00
3.250712076727586464e+01
1.260027374655992389e+02
3.259973646867297248e+01
6.158493347901458037e+01
1.011033497031439765e+01
3.517227279763164915e+01
2.433491458108665029e+01
2.452116645802743733e+01
3.652646548128814175e+00
8.528891190691501833e+01
1.247026843796079447e+02
1.048014926714631656e+01
2.774911798889525016e+01
1.259888937862888270e+01
1.128531885310644611e+01
1.785082142267347081e+02
4.730183056013993337e+01
1.413342424370603112e+02
9.922392940526606253e+00
6.944151449355558725e+00
1.781863681708728109e+01
1.626479038840261637e+01
1.765618167230895779e+02
5.504170139959569497e+00
6.200722628774565237e+01
7.218106408370113058e+01
7.700312124341508024e+00
9.959544019130771630e+01
1.250335652035937528e+01
2.380905719765360118e+01
5.517752158811163099e+01
3.685648667138593737e+01
6.200722628774565237e+01
9.633377172154268919e+00
9.061636115304281702e+00
2.732781727518499792e+01
4.806399122705806803e+01
2.328277789726416813e+01
3.118382890014800068e+01
1.119370181204612891e+01
3.239138834623645380e+00
2.380905719765360118e+01
3.313816354914524709e+01
4.827335079603471968e+00
3.330622797703836113e+01
2.017030897074619133e+01
1.230844365003213170e+01
7.671604189115441841e+00
1.040704031591376406e+02
6.678325259210760123e+01
1.542252815158462909e+01
4.062761761880028644e+01
3.558086628770524840e+01
1.579347595388971968e+02
5.532958931855864648e+01
1.113064120225681108e+02
3.086079366740705154e+00
1.938128784125183302e+00
2.707551633844559547e+01
2.707551633844559547e+01
6.556978973090735963e+00
4.374365109270547691e+01
2.214254313582841860e+00
1.938128784125183302e+00
3.950298936449007670e+01
6.532766180606358830e+00
3.161483532219790504e+00
5.618712198742105102e+01
1.991132156025378208e+01
2.837848219871875699e+01
4.645851588999175874e+01
1.396741154367300624e+02
3.889729752087987436e+00
3.001704289571262052e+01
6.158493347901458037e+01
5.575835484279377852e+01
1.938128784125183302e+00
8.748405601029162426e+00
2.161386125144417747e+01
6.500761870422593347e+00
5.917891935507486778e+01
-1.228837190345711861e+01
1.342423685602079786e+01
2.802448782935243798e+01
1.945954852271052005e+01
3.086192066772628095e+01
1.911313102215135586e+02
2.498120934062762899e+01
3.287424758309680328e+01
5.913373155237877654e+00
2.365521660811509719e+01
9.148426015756285778e+00
1.090459108234081214e+02
3.278424544031531696e+01
5.606057735875401704e+01
8.838467205527194892e+00
1.781863681708728109e+01
1.160787433689174577e+02
4.730183056013993337e+01
6.154688557248846337e+00
4.628991842191499018e+01
4.660454851506801788e+01
1.710428249071856044e+01
7.042745698383441777e+00
8.969126435662928998e+00
1.781863681708728109e+01
2.752356787654207437e+00
1.795310846963366203e+01
5.705464649467830895e+01
6.678325259210760123e+01
9.171797194173677781e+00
1.717998642472957727e+01
5.168894750586150622e+01
1.801116953245536934e+01
7.140978880177681276e+01
3.237756892688594235e+00
3.577201627482918411e+01
5.938602820539472305e+01
1.379619068207830423e+00
3.645818271972984803e+00
9.115812320475015440e+00
1.440415263895279168e+02
6.669418124004550918e+00
1.012120311088983726e+02
5.387509071788826986e+00
9.869998788632301512e+00
1.836246029146459477e+02
6.678325259210760123e+01
4.890934254801504721e+01
1.338111198293358939e+02
3.762526987478395313e+00
1.375693624328232545e+01
3.961455901363115117e+01
4.642981124153629935e+01
2.019430102785008785e+00
2.586760362665313551e+01
5.716236051253144979e+01
2.194712467989847937e+01
1.155828839643254469e+01
6.678325259210760123e+01
4.978332322580172331e+00
2.797713093012021091e+01
5.671593026101390933e+00
2.549317221245564724e+01
1.088978635752391710e+01
6.099324473841534200e+00
1.951395474519722484e+01
2.362012453371607990e+01
3.778483602925462037e+00
9.112941814835357945e+01
2.243920872883609263e+01
2.441009943843164365e+01
3.097201639233117021e+01
7.198277850024533109e+01
3.721310617389644904e+01
4.871335488936892943e+00
1.775150045198884072e+02
3.407388896841439418e+00
4.645851588999175874e+01
1.088978635752391710e+01
5.964945920606032814e+01
1.871918864466897503e+01
2.603428080860112459e+01
1.648529224760204670e+01
1.579361998155491165e+00
7.798927204548272130e+01
4.606132796035126376e+01
6.209233969745764625e+01
6.880105484954401618e+01
3.237756892688594235e+00
4.243419913071193150e+00
2.743723160726972310e+01
3.671240380096151057e+01
2.013834319089364726e+02
3.171942930101431557e+01
6.997241060032092719e+01
1.418430976826130063e+00
3.870352488053868001e+01
7.251414053847383911e+00
4.019263323767063412e+01
3.114466373100185592e+00
5.574344223141815746e+01
1.651100023360777413e+01
3.114466373100185592e+00
3.250712076727586464e+01
2.040151679933915148e+02
1.333357562194578350e+01
7.447556101364898495e+01
6.531548225863389234e+00
9.512208204841499537e+00
6.064133168373700755e+01
4.645851588999175874e+01
3.791763417337642750e+01
1.260027374655992389e+02
2.441009943843164365e+01
1.369217736751875236e+01
5.462009467361440329e+00
1.419879617150909326e+02
3.261370857821884783e+01
2.433491458108665029e+01
1.566581266188586596e+01
1.208591772084560034e+01
2.033700965497882862e+01
1.048050894024563604e+02
1.566581266188586596e+01
1.485199027097905855e+00
1.560279034244304057e+02
8.544494390635009040e+00
2.807480538811432780e+01
9.512208204841499537e+00
8.909079555679909390e+00
8.303785219704332121e+01
1.560279034244304057e+02
2.889709651262819534e+01
1.716656804502599698e+01
4.730183056013993337e+01
2.592299214200284041e+01
3.250712076727586464e+01
2.711173975928068103e+01
7.927729280332641792e+01
4.645851588999175874e+01
1.308959728761324186e+02
1.244006492676271591e+01
5.656628541758436768e+00
1.170793391101551606e+01
3.111688810913165071e+01
-1.157624175080854911e+00
2.750865427267785890e+01
1.215659146516054534e+01
6.486897390421290766e+00
9.266784897352181360e+00
3.078997700405420801e+01
7.447556101364898495e+01
9.183912436061064000e+00
6.413635887060081586e+00
1.643598943394408707e+00
5.705464649467830895e+01
2.772235163400364399e+01
8.899562158566823200e+00
1.004304200908859457e+01
1.530387552965257782e+02
3.626373665723349404e+01
1.601876705592330836e+02
2.728349746275398502e+00
3.531633396955430726e+01
2.127602579056156173e+01
1.008079821891114989e+02
2.196913461845269921e+00
7.970986017703125981e+00
3.908183748864757945e+01
-5.057739813089028758e+00
2.766923778090267660e+01
1.557348931012820685e+02
1.261093252765422221e+02
1.476936277262552721e+01
3.138293082572999992e+00
7.540595139223660226e+01
1.011341956114483764e+02
1.278161241249017621e+01
6.486897390421290766e+00
2.103008164420316461e+00
2.772235163400364399e+01
3.877913249265702689e+01
2.002444439468490600e+01
1.475883250041952124e+02
7.550388147085686796e+01
7.767706599497614661e+00
2.922034902343762042e+01
3.626373665723349404e+01
6.944151449355558725e+00
1.241559342991408812e+02
2.220608941504406175e+01
8.560123393161120475e+01
2.196913461845269921e+00
2.175094088659216141e+01
3.762738449339121871e+01
2.317120824812309365e+01
1.094129896085801192e+02
1.779464854047910194e+01
6.051957020208192262e+00
3.834293168505155336e+00
1.650710959699108571e+01
6.972214675361101399e+00
5.036451904980367544e+00
1.530546579049814682e+01
6.459842202920754062e+00
1.343664143843343481e+02
-6.999083611332025612e+00
3.395148955063245921e+01
1.651095773865017691e+01
1.601876705592330836e+02
9.987852697391645052e+00
8.020400279927343945e+00
1.221316648248648562e+02
2.266061829951627260e+01
4.642981124153629935e+01
7.281097059992680443e+01
1.022408137450329377e+02
1.370454663332452583e+01
3.087134944029048711e+01
1.261093252765422221e+02
3.513205055512526087e+01
6.678325259210760123e+01
4.896854475431609899e+00
5.643682443607031018e+01
4.078591476440806218e+01
3.758425887637167762e+01
6.950515722467571322e+00
1.281368728327506687e+02
3.467828779847059195e+01
5.756905859459311614e+01
1.935226278116715548e+02
4.301459258707291156e+01
6.479684498276583327e+00
1.086794181340655996e+01
1.328125325958339999e+02
9.286403174908627989e+00
3.171942930101431557e+01
1.426669317895721179e+01
2.797958685051526118e+01
2.139202193634764626e+01
8.405297779871034436e+01
6.321419963215157622e+01
2.493288715206836059e+01
1.650710959699108571e+01
1.935226278116715548e+02
3.478487560941312040e+01
1.006771268497141136e+01
6.333197084062703652e+01
1.633070194838364841e+01
9.401522131189722131e+00
1.261093252765422221e+02
5.898706544309334276e+00
4.078591476440806218e+01
1.532361868920270354e+01
1.878887751135334838e+01
3.258060459100852313e+01
5.894995621183625190e-01
7.759795390225917799e+01
1.392729541791186421e+01
1.022408137450329377e+02
4.211569305218290538e+01
7.179721849176985415e+00
7.048639448875746893e+00
2.402440833001492138e+01
-1.570420809159259079e+00
1.892496347943961155e+01
5.951466978986672984e+01
9.158750839107915453e+01
8.119747467229899485e+00
5.643682443607031018e+01
9.587128147585644911e+00
9.424826033808494685e+01
4.301459258707291156e+01
2.797958685051526118e+01
7.087568440827908489e+01
5.940447519099598139e+01
6.880105484954401618e+01
1.090459108234081214e+02
3.673826658681446133e+01
5.409254057809403093e+01
1.167761866647210809e+02
9.959544019130771630e+01
5.341482260605698684e+01
3.478487560941312040e+01
5.917891935507486778e+01
4.730183056013993337e+01
6.158493347901458037e+01
