4.212644479118434759e+01
4.846777319944089335e+00
2.132567122478899435e+01
1.151745593461507688e+01
4.356868279034200953e+01
5.512177216943197067e+01
3.177632628951896798e+00
4.423124266594736298e+01
4.821416649385525943e+00
5.906395035850454178e+01
1.181075416288823554e+01
1.686929403868186839e+01
8.491349096591039824e+01
3.396216479824528989e+01
1.348297117895465647e+01
5.059922497260426866e+00
4.569808440778053438e+01
3.371934843663439807e+01
4.683155243120941691e+01
5.709563964532107150e+01
5.047384710138940633e+00
4.163841053808719295e+01
5.411750604883504678e+01
4.663871680441243228e+00
3.653894862627421958e+01
4.280517069951820730e+01
3.107389339316734578e+01
3.292851844316916754e+01
4.784600052592210773e+00
6.297075051090767772e+01
3.097730351572919005e+01
6.316394382155044696e+01
3.008649454774365495e+01
3.928277708321267170e+01
4.355674000151247327e+01
1.092609433297779198e+01
3.564786647327027680e+01
3.213672151864089699e+01
4.813647311264909234e+01
3.709640569396218268e+01
5.543094123792564609e+00
3.359151650974361303e+01
5.154779032213500756e+01
5.149367016973877753e+01
5.387040009473639657e+01
2.116070099316270259e+01
1.684221570820714220e+01
4.178125771155534807e+01
4.385517940589485875e+01
5.184696963065150044e+00
6.324789718807949157e+01
3.274979209723650087e+01
1.015257173214624054e+01
5.154016521666987671e+01
4.385517940589485875e+01
8.743622676380400094e+01
4.146749571133422307e+01
7.385752498768755459e+01
4.941568382812094740e+01
2.116070099316270259e+01
4.632889528707133664e+00
3.300205022222708351e+01
1.100012735436185451e+01
5.496353315130701134e+01
1.064676935161510407e+01
3.407312496528345491e+01
5.222576686593871642e+00
5.657574494362144435e+01
1.130278687330150689e+01
4.941568382812094740e+01
5.209228014642330606e+01
3.243575924041098091e+01
5.135415146867943648e+00
3.065162242305409279e+01
5.373736592396839207e+00
2.042517175023217391e+01
4.941568382812094740e+01
2.515228049958033552e+01
1.118616556251218697e+01
1.031957727177566930e+01
4.787518434039178317e+01
3.106449840876506130e+01
5.106058216098314517e+01
3.693812360226593938e+01
5.703438395862674071e+01
1.069228381520717974e+01
7.282974288624382098e+01
2.375851229038701717e+01
4.403597190101883996e+00
3.368943243940831422e+01
3.894671521392647406e+01
4.941568382812094740e+01
1.064676935161510407e+01
2.889122957392236302e+01
3.851674584831400949e+01
1.114324769189952136e+01
3.146197748279107032e+01
2.674438356312621679e+01
3.811573427418102256e+01
3.692609882571959901e+01
4.787518434039178317e+01
4.471181756026962262e+01
6.305911299286018590e+01
6.612838120808679321e+01
6.167993778183654285e+01
1.326078248087999611e+01
1.109490095871043280e+01
4.145718338150184223e+01
6.781861256163206519e+01
1.064412862789587955e+01
1.857493425188974356e+01
5.306030676037434546e+01
3.015299938093072996e+01
5.169390067374499687e+00
5.796593828916088320e+00
5.463716294307278787e+00
1.561345588375770177e+01
3.515544706456203272e+01
4.659986500563475076e+00
6.716653140796698551e+01
5.149367016973877753e+01
3.305183711479606501e+01
3.877815748924995631e+01
3.864006989713386275e+01
4.065535328397792370e+01
4.839223732389169363e+00
3.928903940192473243e+01
7.378795689622876353e+01
3.864676167231738901e+01
2.613740726788735458e+01
4.578659405896752688e+00
6.773757133261094054e+01
3.099250996478333064e+01
6.605685752981277403e+01
2.999731828464464911e+01
2.912500086316328307e+01
8.687568221150350212e+00
1.164904759519310140e+01
1.123476570892423432e+01
2.627507335188722237e+01
3.102314523440274741e+01
4.696437455775279091e+01
2.963593389919392251e+01
4.529827494120614517e+01
3.877815748924995631e+01
5.155574684661082152e+00
4.830266305994193488e+00
3.015299938093072996e+01
6.264443205139690463e+01
3.775160625873086317e+00
3.515544706456203272e+01
3.295546501996925315e+01
4.049268911194147336e+01
1.189342395432986166e+01
5.398086123627483346e+01
5.169844730836611291e+01
4.910397300448616420e+01
1.686929403868186839e+01
5.362577666375284480e+01
3.085880531226155554e+01
1.846545331248489319e+01
4.601357187277359984e+00
2.680885785314343295e+01
6.033864881558959326e+01
4.828919369703893238e+00
4.105459666029760868e+00
2.805863076608327233e+01
4.137263179312990502e+01
6.077139770381587880e+01
2.823538016292783226e+01
3.478822981777759793e+01
4.452226004356566591e+01
7.633433135486686183e+01
3.120289276613278417e+01
3.706144765108579264e+01
3.907003926274632022e+01
1.663901074483447218e+01
3.226069149238289668e+01
6.909443240217458992e+01
1.123476570892423432e+01
5.703438395862674071e+01
3.524966232355398432e+01
1.048175717689688113e+01
6.654561721067693725e+00
8.200658248710561793e+01
4.900299434495744322e+01
3.124793211812371396e+01
4.175609254835153550e+00
3.802297444322590536e+01
4.053202923515807754e+01
4.902743744052248331e+00
3.944811804454283077e+01
1.141236426411029825e+01
1.290483711528864674e+01
5.141249591927149254e+00
5.090904648994536430e+00
6.026439900896883728e+01
3.374538903871225415e+01
2.001628652989795754e+01
1.147053040595951856e+01
4.183962892218880825e+01
6.307328043215569124e+01
2.294644553274917342e+01
5.571398707530669014e+01
3.441470707902716697e+01
4.152076906962828673e+01
3.894671521392647406e+01
4.092508069604527776e+01
4.945838680579301538e+00
5.484129231491510836e+01
6.144115213783661034e+01
5.992732582174935096e+00
1.836440761357944140e+01
3.244263958762461897e+01
1.183077681701167272e+01
8.744299134209046542e+01
5.000729083440584333e+01
6.773757133261094054e+01
3.656599039141135421e+01
3.593516117202383953e+01
3.436629151692584117e+01
4.122725736296242616e+01
7.424352443412394109e+01
5.051246375914461240e+00
5.209260935173592344e+01
5.709563964532107150e+01
5.163654950667734056e+00
6.774988803092435319e+01
6.530625223310243754e+00
4.376027999117460610e+01
4.056524953506340125e+01
3.757638541708067947e+01
5.209260935173592344e+01
1.146998842956873332e+01
3.144030536765908934e+01
1.533955758752028231e+01
5.026857960666315961e+01
3.895367408597198988e+01
3.541188557622173505e+01
3.177969666461699205e+01
4.453812372374433615e+00
4.376027999117460610e+01
4.160494628336547152e+01
4.734940849526150686e+00
3.523037549153216474e+01
3.671618278989698325e+01
3.130248279478608708e+01
5.461767029125842221e+00
5.962733257620896410e+01
5.362577666375284480e+01
2.698825784656973781e+01
5.126800293280581400e+01
2.885909151341313716e+01
7.254969165717309920e+01
4.248416659040513821e+01
7.048914643076687980e+01
4.048923188968210241e+00
3.152179337076483989e+01
3.364926102041218314e+01
3.364926102041218314e+01
1.047868724649139516e+01
3.456458305447134194e+01
4.326393751543083255e+00
3.152179337076483989e+01
4.246160110737074689e+01
4.365694088165984255e+00
4.492102637229480777e+00
5.224412409373845634e+01
2.035332659966722701e+01
3.942526680562950503e+01
5.016613775212062620e+01
6.977428973981963622e+01
4.753426720096376457e+00
1.878546089020004217e+01
5.571398707530669014e+01
4.573591218062298935e+01
3.152179337076483989e+01
1.113734549189702250e+01
3.728285706935345445e+01
1.062019183239665487e+01
4.934832738145979647e+01
2.901455362274221272e+01
3.516887487443461424e+01
3.500652916866787479e+01
3.890435265297146827e+01
4.036347151048155268e+01
8.265488114773614825e+01
3.550807129986805677e+01
3.468755546408802815e+01
4.961159959456661106e+00
1.587752625776161075e+01
5.854230176610943914e+00
6.739186740019306399e+01
1.650924945122626752e+01
4.563222914983394674e+01
3.114407602889577475e+01
3.436629151692584117e+01
6.001180899921683931e+01
5.000729083440584333e+01
4.973316212589880436e+00
4.806260363049915441e+01
4.043110824574967666e+01
3.706144765108579264e+01
5.341496630786669364e+00
5.661145170982287311e+00
3.436629151692584117e+01
4.438702997943915207e+00
8.264722362424777202e+00
5.154779032213500756e+01
5.362577666375284480e+01
1.193850921123567588e+01
4.205442381293633503e+01
4.280691907091290460e+01
1.623893835462063251e+01
5.338566935138241831e+01
4.530099134653848836e+00
3.738501706284698400e+01
3.988103102250886423e+01
2.585797771183424487e+01
1.017257014288324690e+01
1.115209591748260820e+01
8.248750797136705160e+01
5.348445896300419555e+00
5.943435207722276914e+01
4.907852964441410393e+00
1.135051285392654563e+01
8.175717362534822996e+01
5.362577666375284480e+01
4.715977778147376398e+01
7.282120515678504091e+01
4.580444077586461660e+00
3.127579223323761681e+01
4.385517940589485875e+01
4.935255876829188537e+01
3.794329510974610020e+00
1.523771300888936508e+01
4.273827481655524707e+01
4.384904578640828987e+01
6.810862852201354123e+00
5.362577666375284480e+01
4.903543122308334112e+00
1.544801450235321738e+01
1.031367507177317044e+01
3.900775853131624160e+01
3.572025195950477894e+01
5.155271251961791812e+00
3.445567882000494109e+01
4.420993499271155969e+01
4.747592275037170850e+00
5.578221669440537056e+01
4.000909235616344262e+01
3.937420004382479988e+01
4.072446836948041238e+01
4.191107615721283253e+01
4.578652524970165416e+01
2.798214317887669722e+01
8.088525292542527723e+01
2.782280497974484490e+01
5.016613775212062620e+01
3.572025195950477894e+01
4.502613516187094689e+01
3.360848458618108481e+01
1.483487072053966571e+01
3.347659276791324601e+01
3.267757434113683246e+01
6.121679208314320420e+01
4.613138057611936205e+01
5.287487406061688233e+01
5.514102972160752358e+01
4.530099134653848836e+00
4.611236887707328869e+00
1.531777540734401555e+01
3.361737154637916092e+01
9.481676255300581602e+01
1.621758622252215432e+01
5.471079325913307656e+01
4.328104540494367214e+00
4.914091755836786746e+01
5.386274379518325439e+00
3.781754054354726691e+01
3.379273489384522833e+01
4.257118503431019718e+01
1.536178756604459217e+01
3.379273489384522833e+01
4.183962892218880825e+01
8.400275932996200368e+01
3.300205022222708351e+01
5.835988237081374308e+01
5.253558838327981206e+00
1.207650101647371343e+01
5.629032231557694388e+01
5.016613775212062620e+01
4.005328800276417667e+01
6.307328043215569124e+01
3.937420004382479988e+01
1.298361823406215798e+01
5.059922497260426866e+00
6.925554355045335342e+01
4.053202923515807754e+01
3.894671521392647406e+01
3.725341927152170030e+01
1.519021333426192477e+01
2.130363551186309579e+01
6.018674321081142864e+01
3.725341927152170030e+01
9.529303528699831105e+00
6.667706704410844054e+01
5.442885100268045839e+00
4.787518434039178317e+01
1.207650101647371343e+01
1.129484762219157012e+01
6.457925998846116045e+01
6.667706704410844054e+01
3.384351740445160317e+01
3.374538903871225415e+01
5.000729083440584333e+01
3.702138346586967543e+01
4.183962892218880825e+01
3.480669144129513626e+01
4.518998502317444377e+01
5.016613775212062620e+01
7.004883345322144805e+01
3.011208064244413407e+01
4.903899082271667709e+00
6.217438355359274027e+00
4.251328892602183629e+01
2.652802451087408997e+01
1.518338916408800188e+01
1.890897744045787121e+01
3.055549690137322827e+01
1.107448982148467742e+01
1.597883205279945606e+01
5.835988237081374308e+01
1.126889194589892895e+01
5.216742241534666036e+00
3.498067637017975784e+01
5.154779032213500756e+01
3.893049515045728981e+01
5.302685307089181066e+00
1.150537426050187051e+01
7.838879506842755518e+01
1.805761267898603961e+01
7.102407187410935308e+01
4.386257546823243203e+00
1.887129285716213190e+01
4.011089430747829709e+01
6.212510433577260471e+01
4.304930452156520815e+00
5.999961729273584510e+00
4.065846485924846121e+01
3.089982118558289770e+01
1.750087395361276776e+01
8.092708998257742792e+01
6.176568074512495343e+01
1.327264073904704489e+01
3.187925736992019665e+01
4.043297079369958169e+01
6.183528225501996189e+01
1.215927260643657348e+01
3.055549690137322827e+01
4.320559306483877648e+00
3.893049515045728981e+01
1.736979213758481322e+01
3.065162242305409279e+01
6.948271990111175000e+01
5.578712204868065072e+01
3.045288582253981247e+01
1.589876965434480738e+01
1.805761267898603961e+01
3.593516117202383953e+01
6.254891365608545328e+01
3.904238777862042298e+01
4.155576364600646855e+01
4.304930452156520815e+00
1.625764742045367228e+01
4.100219182530452855e+01
3.756009578744787802e+01
6.342059627625156537e+01
3.584662742662474244e+01
5.085755943801883561e+00
4.557837248421764187e+00
1.982149775302942984e+01
5.136389323103995430e+00
4.992617062628347036e+00
1.246937196825803262e+01
5.011542289581677245e+00
6.732586960709883783e+01
3.411113142695107570e+01
1.767372292616530061e+01
3.224366717118694936e+01
7.102407187410935308e+01
3.264502993300604317e+01
3.164638739173042836e+01
6.330235267411870836e+01
1.450938075843701114e+01
4.935255876829188537e+01
4.440005770041959465e+01
9.367532352197338241e+01
1.298097751034293346e+01
1.630925936967827994e+01
6.176568074512495343e+01
1.779383638781353838e+01
5.362577666375284480e+01
4.717957059593360647e+00
4.118060514040501374e+01
4.342494294342040462e+01
1.929234613378273266e+01
5.136351935911592115e+00
6.580466556072335038e+01
4.680265015826084607e+01
4.894569091278992801e+01
8.554391999109509470e+01
3.792333319361317479e+01
5.653381820342811004e+00
3.786663120639657620e+01
7.334567220397492804e+01
5.703621606246874087e+00
1.621758622252215432e+01
3.193371285595942055e+01
4.102338037262219927e+01
3.899089530971630779e+01
5.394697080101527575e+01
8.543917724368404265e+01
4.285833108395809177e+01
1.982149775302942984e+01
8.554391999109509470e+01
4.549505047123011536e+01
4.031583081710638794e+01
4.589873804927246681e+01
3.568728922749289012e+01
1.108588751566133190e+01
6.176568074512495343e+01
4.995790756900098550e+00
4.342494294342040462e+01
3.398769247670178828e+01
3.473404060170541641e+01
3.482842405729868318e+01
3.537482286819399491e+01
4.497610893805582322e+01
3.745707375738882661e+01
9.367532352197338241e+01
4.634628978863842974e+01
5.334793288724388738e+00
1.071318097222982146e+01
3.510636203268802547e+01
2.804661746889391338e+01
3.931611113771250388e+01
5.155859222195564939e+01
5.509989605291021064e+01
3.330826190631443495e+01
4.118060514040501374e+01
5.612149987393456385e+00
5.506976365332216972e+01
3.792333319361317479e+01
4.102338037262219927e+01
5.452374231432696661e+01
5.169844730836611291e+01
5.514102972160752358e+01
6.739186740019306399e+01
4.471181756026962262e+01
4.900299434495744322e+01
7.169181878609573744e+01
6.774988803092435319e+01
5.154016521666987671e+01
4.549505047123011536e+01
4.934832738145979647e+01
5.000729083440584333e+01
5.571398707530669014e+01
